inc_signals <-
structure(c(1668049717.180444, 1668049739.848279, 1668049775.370631, 
1668049781.8246641, 1668049808.2123489, 1668049815.4053349, 1668049821.765331, 
1668049829.7535601, 1668049839.480509, 1668049842.758976, 1668049853.60882, 
1668049858.1125269, 1668049860.599498, 1668049871.1691511, 1668049874.662622, 
1668049875.692096, 1668049880.4011431, 1668049884.1878719, 1668049884.480521, 
1668049889.100723, 1668049889.6153769, 1668049891.557821, 1668049902.8240891, 
1668049904.990052, 1668049924.529933, 1668049927.19735, 1668049931.6732121, 
1668049941.9836659, 1668049942.4154069, 1668049942.4351709, 1668049945.626379, 
1668049953.74563, 1668049954.364579, 1668049955.8722129, 1668049962.6307819, 
1668049962.6952729, 1668049963.762044, 1668049984.233475, 1668050003.786587, 
1668050007.896909, 1668050086.53057, 1668050157.501894, 1668050166.206836, 
1668050174.5940709, 1668050222.5200059, 1668050225.0727429, 1668050229.391037, 
1668050238.4906099, 1668050262.858062, 1668050262.92804, 1668050315.9050829, 
1668050340.7941599, 1668050347.659142, 1668050349.900517, 1668050356.6716399, 
1668050365.578835, 1668050366.8065481, 1668050374.1714289, 1668050375.4137211, 
1668050376.524755, 1668050379.2944341, 1668050387.4882209, 1668050387.9573109, 
1668050393.233012, 1668050395.784647, 1668050402.2341001, 1668050404.5846269, 
1668050410.7384911, 1668050411.1796789, 1668050419.060498, 1668050419.129777, 
1668050420.55405, 1668050420.900327, 1668050421.4515901, 1668050423.7795849, 
1668050429.3583441, 1668050429.530045, 1668050431.3721621, 1668050431.437654, 
1668050432.082464, 1668050432.0847211, 1668050432.259572, 1668050433.242852, 
1668050434.1267049, 1668050441.48405, 1668050441.9521761, 1668050442.723366, 
1668050443.4342401, 1668050444.6748171, 1668050445.2800281, 1668050447.837697, 
1668050448.9712839, 1668050449.027297, 1668050450.509814, 1668050450.5929241, 
1668050450.97369, 1668050452.0331621, 1668050452.112885, 1668050452.7635241, 
1668050453.7884891, 1668050454.293227, 1668050454.6409211, 1668050454.9207561, 
1668050454.9978299, 1668050456.649014, 1668050457.0267601, 1668050458.075453, 
1668050458.8633521, 1668050459.3657441, 1668050459.446635, 1668050459.5179601, 
1668050459.8665349, 1668050461.5565989, 1668050462.285871, 1668050462.6920719, 
1668050463.2076449, 1668050463.2149651, 1668050464.1215169, 1668050465.1498461, 
1668050470.160912, 1668050472.013195, 1668050474.059617, 1668050475.1879339, 
1668050478.1015389, 1668050478.566462, 1668050482.8673601, 1668050483.690336, 
1668050490.240557, 1668050497.1942129, 1668050498.7297249, 1668050510.6150861, 
1668050524.508117, 1668050536.1038771, 1668050538.46735, 1668050540.60953, 
1668050544.9193671), class = c("POSIXct", "POSIXt"))
out_signals <-
structure(1668049963.762044, class = c("POSIXct", "POSIXt"))
result <-
list(problems = structure(list(time = structure(logical(0), class = c("POSIXct", 
"POSIXt")), problem = character(0)), row.names = integer(0), class = "data.frame"), 
    n_signals = 1, penalty = 60.001315498352049, score = 80)
